cam0:
  cam_overlaps: [1]
  camera_model: pinhole
  distortion_coeffs: [-0.05828215419440824, 0.038625073290727764, 0.0011872379300235949,
    -0.008336427097711197]
  distortion_model: radtan
  intrinsics: [384.776428714799, 384.9707289982951, 312.53764894368186, 246.33589325175367]
  resolution: [640, 480]
  rostopic: /cam0/image_raw
cam1:
  T_cn_cnm1:
  - [0.998828120320874, 0.025412684982310238, 0.04118957997187537, -0.03115580561157284]
  - [-0.013356102517655823, 0.9627393867112387, -0.27010088448653014, 0.38300236882644334]
  - [-0.046518819651916364, 0.2692342264959229, 0.9619505864135302, 0.05103826766168014]
  - [0.0, 0.0, 0.0, 1.0]
  cam_overlaps: [0]
  camera_model: pinhole
  distortion_coeffs: [0.08400960711826863, -0.10665068685394023, -0.0030386888949343062,
    0.0024949940159461684]
  distortion_model: radtan
  intrinsics: [598.3747449593023, 598.8003642041908, 334.24924437786234, 252.84003704664138]
  resolution: [640, 480]
  rostopic: /cam1/image_raw
