cam0:
  cam_overlaps: [1]
  camera_model: pinhole
  distortion_coeffs: [-0.05467856932488014, 0.026947178547874533, -0.0022572776246964758,
    -0.00491088517006213]
  distortion_model: radtan
  intrinsics: [380.85690902220284, 380.65756822546416, 311.07845579059756, 239.05380864296123]
  resolution: [640, 480]
  rostopic: /cam0/image_raw
cam1:
  T_cn_cnm1:
  - [0.9997165173780989, 0.01531565773406222, 0.018229523021096136, -0.036797917146905966]
  - [-0.009639084761140053, 0.9604428781475104, -0.2783101971913576, 0.3760122220338188]
  - [-0.02177091928172009, 0.2780555851694007, 0.9603182382052989, 0.059453627658050456]
  - [0.0, 0.0, 0.0, 1.0]
  cam_overlaps: [0]
  camera_model: pinhole
  distortion_coeffs: [0.11117691402331066, -0.23774691737496945, -0.0076492309087658064,
    0.01258331525006115]
  distortion_model: radtan
  intrinsics: [595.3728085977953, 597.3036600120151, 345.9199437511886, 246.52958590628333]
  resolution: [640, 480]
  rostopic: /cam1/image_raw
